filetag	runNo	nlexCs	lexCstartW	pChangeIndexation	inputSet	likelihood	SSE	w_ku	w_fi	w_ku_pl	w_fi_pl	predicted_p_fi_wug	experiment_p_fi
24_2_099_50___82	82	24	2	0.99	typeTokenInput_50	-0.017902466598886755	2.6927164782691088e-05	0.15	1.6600000000000013	7.739999999999878	6.6699999999999005	0.3917409692534798	0.5
24_2_099_50___83	83	24	2	0.99	typeTokenInput_50	-0.01735629292893086	2.647348676083937e-05	0.23000000000000004	0.8000000000000005	5.139999999999933	4.849999999999939	0.4304537760607694	0.5
24_2_099_50___84	84	24	2	0.99	typeTokenInput_50	-0.02390500641209977	6.427056907104789e-05	0.6600000000000004	0.1499999999999999	7.15999999999989	7.14999999999989	0.6271477663131956	0.5
24_2_099_50___85	85	24	2	0.99	typeTokenInput_50	-0.03277435530286985	0.00019394937316786134	0.9100000000000006	0.23000000000000004	4.049999999999956	5.209999999999932	0.3822521252307568	0.5
24_2_05_50___85	85	24	2	0.5	typeTokenInput_50	-0.03534982433512501	0.00014834706981446373	0.8500000000000005	0.12999999999999998	6.649999999999901	7.13999999999989	0.5572478545985583	0.5
24_2_099_50___86	86	24	2	0.99	typeTokenInput_50	-0.01945726701580426	3.6431002466404574e-05	0.8300000000000005	0.22000000000000006	7.059999999999892	7.3699999999998855	0.5744425168116606	0.5
24_2_05_50___86	86	24	2	0.5	typeTokenInput_50	-0.06248655686964737	0.0016539334918930088	1.1000000000000008	0.17	4.959999999999937	6.789999999999898	0.2890504973750042	0.5
24_2_099_50___87	87	24	2	0.99	typeTokenInput_50	-0.020797971894651875	5.3184478616153415e-05	0.7600000000000005	0.16999999999999993	7.319999999999887	7.349999999999886	0.6364525402815664	0.5
24_1_05_50___65	65	24	1	0.5	typeTokenInput_50	-0.04272369262283301	0.0005082108623795514	0.3500000000000001	0.44000000000000017	7.409999999999885	7.059999999999892	0.5646362918030272	0.5
24_2_05_50___87	87	24	2	0.5	typeTokenInput_50	-0.020751939133858904	8.381534089336715e-05	1.320000000000001	0.04	7.029999999999893	7.709999999999878	0.6456563062257988	0.5
24_2_099_50___88	88	24	2	0.99	typeTokenInput_50	-0.021997024265282595	5.386986232428202e-05	1.480000000000001	0.18	6.789999999999898	7.5099999999998825	0.6410674063348207	0.5
24_1_05_50___66	66	24	1	0.5	typeTokenInput_50	-0.02847280767438325	9.496434456132546e-05	0	1.9600000000000015	7.5599999999998815	6.869999999999896	0.21925725208786906	0.5
24_2_05_50___88	88	24	2	0.5	typeTokenInput_50	-0.018643051761467435	3.195385712259568e-05	0.3400000000000001	0.27	7.079999999999892	7.349999999999886	0.4501660026875236	0.5
24_2_099_50___89	89	24	2	0.99	typeTokenInput_50	-0.021507174457526545	7.960995396257754e-05	0.8200000000000005	0.4000000000000002	7.0899999999998915	7.429999999999884	0.5199893401555835	0.5
24_1_05_50___67	67	24	1	0.5	typeTokenInput_50	-0.025704757848028063	6.73634417087565e-05	0.6200000000000003	0.5200000000000002	7.15999999999989	6.889999999999896	0.5914589784327786	0.5
24_2_05_50___89	89	24	2	0.5	typeTokenInput_50	-0.022877738843051852	9.430149508470455e-05	0.12999999999999995	0.9200000000000006	7.489999999999883	6.929999999999895	0.44275214540144125	0.5
24_2_099_50___90	90	24	2	0.99	typeTokenInput_50	-0.021076431741507216	3.7555940048276324e-05	0	1.8900000000000015	7.14999999999989	5.239999999999931	0.5049998333399892	0.5
24_1_05_50___68	68	24	1	0.5	typeTokenInput_50	-0.043048454267157185	0.0005569282360264301	0	1.360000000000001	7.499999999999883	5.169999999999932	0.725119497789813	0.5
24_2_05_50___90	90	24	2	0.5	typeTokenInput_50	-0.024796061663772524	6.756138185340756e-05	0.16	1.280000000000001	7.289999999999887	6.999999999999893	0.3036450701761644	0.5
24_2_099_50___91	91	24	2	0.99	typeTokenInput_50	-0.01718533914321737	2.4770166241432812e-05	0.29000000000000004	0.27	7.209999999999889	7.2799999999998875	0.48750260351579017	0.5
24_1_05_50___69	69	24	1	0.5	typeTokenInput_50	-0.029726187365907177	0.000183816380276701	0.5500000000000003	0.34000000000000014	6.969999999999894	7.379999999999885	0.4501660026875245	0.5
24_2_05_50___91	91	24	2	0.5	typeTokenInput_50	-0.023586859377675625	7.050301345703056e-05	0.17999999999999994	0.6200000000000003	4.769999999999941	3.2499999999999734	0.7464939833376559	0.5
24_2_099_50___92	92	24	2	0.99	typeTokenInput_50	-0.04002398756716376	0.00041377781573828876	0.03	0.8900000000000006	4.249999999999952	3.2499999999999734	0.5349429451582091	0.5
24_1_05_50___70	70	24	1	0.5	typeTokenInput_50	-0.01986319205961697	4.381646709106711e-05	1.1400000000000008	0.30000000000000004	6.799999999999898	7.799999999999876	0.4600851154444396	0.5
24_2_05_50___92	92	24	2	0.5	typeTokenInput_50	-0.04216158842478848	0.00040088107316360144	2.399999999999993	0.03	6.629999999999901	7.959999999999873	0.7388500060842531	0.5
24_1_001_50___67	67	24	1	0.01	typeTokenInput_50	-0.019169837350957845	3.167513137088012e-05	0.7200000000000004	0.20999999999999996	4.739999999999942	4.859999999999939	0.5962826992967886	0.5
24_2_099_50___93	93	24	2	0.99	typeTokenInput_50	-0.03408925247696021	0.00040511384373054774	1.1900000000000008	0.10999999999999999	6.959999999999894	7.589999999999881	0.6106392339492255	0.5
24_1_05_50___71	71	24	1	0.5	typeTokenInput_50	-0.02622553169136594	0.00021241575440550321	0.40000000000000013	0.5800000000000003	7.429999999999884	7.109999999999891	0.5349429451582128	0.5
24_2_05_50___93	93	24	2	0.5	typeTokenInput_50	-0.020670325174931923	3.948440520395987e-05	1.280000000000001	0.01	4.869999999999939	6.799999999999898	0.34073961154862414	0.5
24_2_001_50___92	92	24	2	0.01	typeTokenInput_50	-0.024690307015736376	8.043348897219946e-05	0.25	0.5600000000000003	6.559999999999903	4.479999999999947	0.8544576710630291	0.5
24_1_001_50___68	68	24	1	0.01	typeTokenInput_50	-0.030151565039599298	0.00011905287784160381	0.009999999999999997	1.0000000000000007	5.229999999999931	5.2599999999999305	0.2650274005334811	0.5
24_2_099_50___94	94	24	2	0.99	typeTokenInput_50	-0.01726435057416547	2.49781244957675e-05	0.18	1.1200000000000008	7.579999999999881	6.8999999999998956	0.43536370819696696	0.5
24_1_05_50___72	72	24	1	0.5	typeTokenInput_50	-0.026327649618282264	9.234387000169733e-05	0.3200000000000001	0.5200000000000002	3.7499999999999627	4.679999999999943	0.24416110090520657	0.5
24_2_05_50___94	94	24	2	0.5	typeTokenInput_50	-0.026029649783659473	0.00011200082383617224	0.9800000000000006	0.060000000000000005	6.959999999999894	7.459999999999884	0.6034832498647291	0.5
24_2_001_50___93	93	24	2	0.01	typeTokenInput_50	-0.016320561379178148	2.270507106230125e-05	0.7000000000000004	0.5700000000000003	3.2499999999999734	3.499999999999968	0.4700359482354296	0.5
24_1_001_50___69	69	24	1	0.01	typeTokenInput_50	-0.02684132549473734	0.00011329775067902057	1.0800000000000007	0.15999999999999998	3.4299999999999695	3.689999999999964	0.6592603884513869	0.5
24_2_099_50___95	95	24	2	0.99	typeTokenInput_50	-0.0302686091960865	0.0001287036095831425	0.02	1.2400000000000009	7.269999999999888	7.249999999999888	0.23147521650098218	0.5
24_1_05_50___73	73	24	1	0.5	typeTokenInput_50	-0.017312675206270587	2.6690348029318462e-05	0.8500000000000005	0.09999999999999999	6.929999999999895	7.60999999999988	0.5174928576663936	0.5
12_1_099_50___60	60	12	1	0.99	typeTokenInput_50	-0.03095578130065685	0.00012391745157394233	0.31000000000000005	0.8000000000000005	4.9799999999999365	3.599999999999966	0.7088901725661138	0.5
24_2_05_50___95	95	24	2	0.5	typeTokenInput_50	-0.03860286876796725	0.0003873735052057725	1.1200000000000008	0.03	6.9499999999998945	7.539999999999882	0.6224593312018577	0.5
24_2_001_50___94	94	24	2	0.01	typeTokenInput_50	-0.017822888776689604	2.8484539816915977e-05	0.8300000000000005	0.049999999999999975	6.889999999999896	7.599999999999881	0.5174928576663935	0.5
24_1_001_50___70	70	24	1	0.01	typeTokenInput_50	-0.017480924493806425	2.9447613718140287e-05	0.7900000000000005	0.08999999999999991	3.1099999999999763	3.739999999999963	0.5174928576663932	0.5
24_2_099_50___96	96	24	2	0.99	typeTokenInput_50	-0.01899012707672025	3.16897501983502e-05	0.8400000000000005	0.3600000000000001	6.929999999999895	7.409999999999885	0.5000000000000027	0.5
12_2_099_50___56	56	12	2	0.99	typeTokenInput_50	-0.018064954593589477	2.7899738586704236e-05	0.18	0.8100000000000005	7.469999999999883	6.939999999999895	0.47502081252105705	0.5
24_1_05_50___74	74	24	1	0.5	typeTokenInput_50	-0.022421298560844776	5.3576036108885443e-05	0.6000000000000003	0.26000000000000006	6.829999999999897	7.449999999999884	0.4304537760607744	0.5
12_1_099_50___61	61	12	1	0.99	typeTokenInput_50	-0.05551737724130747	0.0004950866459537735	0.5400000000000003	1.1700000000000008	4.909999999999938	6.889999999999896	0.06849760372432881	0.5
24_2_05_50___96	96	24	2	0.5	typeTokenInput_50	-0.04050966435510711	0.00138003852747569	1.2400000000000009	0.22999999999999998	6.989999999999894	7.899999999999874	0.5249791874789449	0.5
24_1_001_50___71	71	24	1	0.01	typeTokenInput_50	-0.022261366109124176	6.265384335204452e-05	0.3200000000000001	0.7500000000000004	7.319999999999887	6.969999999999894	0.48001065984441643	0.5
24_2_099_50___97	97	24	2	0.99	typeTokenInput_50	-0.02016716723266257	3.638035223146427e-05	0.43000000000000016	0.2700000000000001	7.15999999999989	7.079999999999892	0.5597136492671922	0.5
24_2_001_50___95	95	24	2	0.01	typeTokenInput_50	-0.030064504065083802	0.00010179528875094343	0.4900000000000002	1.300000000000001	4.889999999999938	6.079999999999913	0.11920292202212017	0.5
12_1_05_50___61	61	12	1	0.5	typeTokenInput_50	-0.02790244799992098	0.00012568737077284697	1.9600000000000013	0.09	5.349999999999929	7.249999999999888	0.49250056244939006	0.5
12_2_099_50___57	57	12	2	0.99	typeTokenInput_50	-0.017886422980018156	2.683161075566353e-05	1.0000000000000007	0.20999999999999996	6.969999999999894	7.439999999999884	0.5793242521487522	0.5
24_1_05_50___75	75	24	1	0.5	typeTokenInput_50	-0.0161268503424766	2.165892471867263e-05	1.1600000000000008	0.3100000000000001	7.019999999999893	7.589999999999881	0.5695462239392319	0.5
12_1_099_50___62	62	12	1	0.99	typeTokenInput_50	-0.021897495501361507	8.60460473143151e-05	0.44000000000000017	0.5500000000000003	7.249999999999888	7.259999999999888	0.4700359482354282	0.5
24_2_05_50___97	97	24	2	0.5	typeTokenInput_50	-0.024725922840226903	8.236875857961371e-05	0.009999999999999997	0.5500000000000003	6.369999999999907	4.679999999999943	0.7595109169491043	0.5
24_1_001_50___72	72	24	1	0.01	typeTokenInput_50	-0.016085533713053157	2.165261514971935e-05	0.4700000000000002	0.6000000000000003	7.329999999999886	7.289999999999887	0.4775151752081997	0.5
24_2_099_50___98	98	24	2	0.99	typeTokenInput_50	-0.021552974273587207	5.217656473993363e-05	1.5800000000000012	0.15	6.979999999999894	7.479999999999883	0.717075285492975	0.5
24_2_001_50___96	96	24	2	0.01	typeTokenInput_50	-0.21343622995346967	0.015585319489799033	1.1300000000000008	0.2900000000000001	4.8399999999999395	7.5599999999998815	0.13238887354207213	0.5
12_1_01_50___63	63	12	1	0.1	typeTokenInput_50	-0.023575896542440765	0.00011929853893690394	0.3200000000000001	1.1200000000000008	7.479999999999883	6.989999999999894	0.4231147388679509	0.5
12_2_099_50___58	58	12	2	0.99	typeTokenInput_50	-0.02505899436229407	0.0001387191373159714	0.5900000000000003	0.21000000000000005	6.969999999999894	7.499999999999883	0.4625701546562533	0.5
12_1_05_50___62	62	12	1	0.5	typeTokenInput_50	-0.02242693256815965	8.22057822316203e-05	0.3800000000000001	0.7500000000000004	7.309999999999887	7.109999999999891	0.4576020592256479	0.5
24_1_05_50___76	76	24	1	0.5	typeTokenInput_50	-0.029865295463683595	0.0001331370543279481	1.8300000000000014	0.019999999999999997	6.6899999999999	7.679999999999879	0.6942363401080354	0.5
12_1_099_50___63	63	12	1	0.99	typeTokenInput_50	-0.04482740307867733	0.00027451786558293584	0.8500000000000005	0.25000000000000006	4.879999999999939	3.539999999999967	0.8743521434846513	0.5
24_2_05_50___98	98	24	2	0.5	typeTokenInput_50	-0.01886321275438936	2.9734594885484965e-05	0.03	0.9000000000000006	6.459999999999905	4.8399999999999395	0.6791786991753854	0.5
24_1_001_50___73	73	24	1	0.01	typeTokenInput_50	-0.027565847504796744	0.00020462401161220326	0.1399999999999999	0.6400000000000003	6.389999999999906	5.059999999999935	0.6963549298238279	0.5
24_2_099_50___99	99	24	2	0.99	typeTokenInput_50	-0.016107023746392977	2.3610807196229528e-05	0.5900000000000003	0.13999999999999996	7.309999999999887	7.399999999999885	0.5890404340586656	0.5
24_2_001_50___97	97	24	2	0.01	typeTokenInput_50	-0.03237185393715977	0.00043292953007429335	0.9600000000000006	0.10999999999999999	6.8099999999998975	7.5099999999998825	0.5374298453437534	0.5
12_1_01_50___64	64	12	1	0.1	typeTokenInput_50	-0.027963802122987876	9.565303613914808e-05	0.5200000000000002	0.5100000000000002	6.089999999999913	4.479999999999947	0.8347951298093808	0.5
12_1_05_50___63	63	12	1	0.5	typeTokenInput_50	-0.0382451559929169	0.00039317389962078355	1.8500000000000014	0.08	6.779999999999898	7.729999999999878	0.6942363401080351	0.5
12_2_099_50___59	59	12	2	0.99	typeTokenInput_50	-0.03976704545919348	0.0004875168377679686	1.8100000000000014	0.17	3.1399999999999757	4.769999999999941	0.502499979166884	0.5
24_1_05_50___77	77	24	1	0.5	typeTokenInput_50	-0.09397837279160236	0.002676052695711137	0.8200000000000005	0.26	6.649999999999901	7.799999999999876	0.356634854305604	0.5
12_1_099_50___64	64	12	1	0.99	typeTokenInput_50	-0.04455088479896313	0.0005213306776343467	1.2500000000000009	0.08	4.189999999999953	5.069999999999935	0.5719961329315234	0.5
24_1_001_50___74	74	24	1	0.01	typeTokenInput_50	-0.018603510287711816	2.9832018906286806e-05	1.0200000000000007	0.31000000000000005	6.879999999999896	7.479999999999883	0.5274723043445969	0.5
24_2_05_50___99	99	24	2	0.5	typeTokenInput_50	-0.025338749146482802	0.00014814873390595255	0.7100000000000004	0.09	7.049999999999892	7.349999999999886	0.5793242521487513	0.5
24_2_099_50___100	100	24	2	0.99	typeTokenInput_50	-0.01887068978472503	3.512458010906888e-05	0.5300000000000002	0.6100000000000003	5.179999999999932	4.959999999999937	0.5349429451582133	0.5
12_1_01_50___65	65	12	1	0.1	typeTokenInput_50	-0.014887343649619935	1.8458424783186177e-05	1.0300000000000007	0.2	7.109999999999891	7.659999999999879	0.5695462239392322	0.5
24_2_001_50___98	98	24	2	0.01	typeTokenInput_50	-0.020623287332234293	4.282768683825633e-05	0.07	1.6900000000000013	7.63999999999988	6.749999999999899	0.32519472741768213	0.5
12_1_05_50___64	64	12	1	0.5	typeTokenInput_50	-0.023440347948221064	0.00011471778894520232	0.7500000000000004	0.2	6.989999999999894	7.479999999999883	0.5149955016194127	0.5
12_2_099_50___60	60	12	2	0.99	typeTokenInput_50	-0.03172962266145192	0.0001954401980107351	0.8100000000000005	0.21000000000000005	6.739999999999899	7.409999999999885	0.482507142333614	0.5
24_1_05_50___78	78	24	1	0.5	typeTokenInput_50	-0.042029015703364064	0.00048412628097126403	1.360000000000001	0.009999999999999997	7.099999999999891	7.869999999999875	0.6410674063348212	0.5
12_1_099_50___65	65	12	1	0.99	typeTokenInput_50	-0.021323112232075375	5.5894591962009966e-05	0.30000000000000004	0.4700000000000002	5.019999999999936	4.389999999999949	0.6130141761393321	0.5
24_1_001_50___75	75	24	1	0.01	typeTokenInput_50	-0.027413997032116527	9.759385863095641e-05	0.47000000000000025	0.8000000000000005	3.2799999999999727	4.1799999999999535	0.22618142573054947	0.5
24_2_05_50___100	100	24	2	0.5	typeTokenInput_50	-0.03584091486794638	0.0004270774660717951	1.470000000000001	0.14999999999999997	4.309999999999951	4.7899999999999405	0.698465216002541	0.5
12_1_01_50___66	66	12	1	0.1	typeTokenInput_50	-0.024032218461341116	0.00012680533835507436	0.27	0.4800000000000002	4.489999999999947	4.019999999999957	0.5646362918030265	0.5
24_2_001_50___99	99	24	2	0.01	typeTokenInput_50	-0.017035653782044486	2.510680748886827e-05	0.2	0.8100000000000005	4.749999999999941	4.049999999999956	0.5224848247917964	0.5
12_2_099_50___61	61	12	2	0.99	typeTokenInput_50	-0.03803872822237504	0.00020265296756248244	1.480000000000001	0.2900000000000001	4.439999999999948	3.499999999999968	0.8937850083248227	0.5
12_1_05_50___65	65	12	1	0.5	typeTokenInput_50	-0.03255468508917359	0.0002590540001174075	1.430000000000001	0.18	6.6999999999999	7.499999999999883	0.6106392339492264	0.5
24_1_05_50___79	79	24	1	0.5	typeTokenInput_50	-0.03588522988383934	0.00018783370074097855	1.0400000000000007	0	6.999999999999893	7.429999999999884	0.6479408020806525	0.5
12_1_099_50___66	66	12	1	0.99	typeTokenInput_50	-0.025866170199272422	9.192538541711456e-05	0.7300000000000004	0.5900000000000003	6.939999999999895	7.779999999999877	0.331812227831838	0.5
24_1_001_50___76	76	24	1	0.01	typeTokenInput_50	-0.016345904298258877	2.3482061021539275e-05	0.10999999999999996	0.6000000000000003	5.26999999999993	4.6999999999999424	0.5199893401555787	0.5
12_1_01_50___67	67	12	1	0.1	typeTokenInput_50	-0.03599058491169777	0.0002309300149567335	2.020000000000001	0	5.069999999999935	7.029999999999893	0.5149955016194209	0.5
24_2_001_50___100	100	24	2	0.01	typeTokenInput_50	-0.02084620972286006	3.6311872299659376e-05	0	1.0100000000000007	6.799999999999898	5.599999999999923	0.5473576181430827	0.5
12_2_099_50___62	62	12	2	0.99	typeTokenInput_50	-0.025733542776995372	0.00021600565818510336	0.7000000000000004	0.32000000000000006	7.13999999999989	7.4199999999998845	0.5249791874789415	0.5
12_1_05_50___66	66	12	1	0.5	typeTokenInput_50	-0.028944612166945053	0.00031881674025315357	0.2900000000000001	0.7700000000000005	7.429999999999884	7.039999999999893	0.4775151752081977	0.5
24_1_05_50___80	80	24	1	0.5	typeTokenInput_50	-0.06025181250996909	0.0014155474872517824	1.0800000000000007	0.07	5.059999999999935	7.449999999999884	0.20100899975053768	0.5
12_1_099_50___67	67	12	1	0.99	typeTokenInput_50	-0.01813328918185332	2.9346868176302286e-05	0.12999999999999995	0.8100000000000005	7.359999999999886	7.0899999999998915	0.3989121211516287	0.5
24_1_001_50___77	77	24	1	0.01	typeTokenInput_50	-0.04229981493078461	0.0005416105997173053	0.8500000000000005	0.09999999999999999	5.359999999999928	7.259999999999888	0.24048908305089647	0.5
12_1_01_50___68	68	12	1	0.1	typeTokenInput_50	-0.04226710715190826	0.0005721982012796287	0.5000000000000002	0.5600000000000003	5.499999999999925	6.779999999999898	0.20751005855964003	0.5
12_2_099_50___63	63	12	2	0.99	typeTokenInput_50	-0.026002085375874985	6.973510334550615e-05	0.7100000000000004	0.5000000000000002	4.729999999999942	3.2799999999999727	0.8402380030563269	0.5
12_1_05_50___67	67	12	1	0.5	typeTokenInput_50	-0.038927954484458696	0.0002281706435916519	0.8900000000000006	1.0200000000000007	4.989999999999936	6.799999999999898	0.12564785651534993	0.5
24_1_05_50___81	81	24	1	0.5	typeTokenInput_50	-0.028026777726600074	0.0001080985636387477	0.5500000000000003	0.22999999999999998	7.019999999999893	7.16999999999989	0.5423979407743518	0.5
12_1_099_50___68	68	12	1	0.99	typeTokenInput_50	-0.024950664655669832	9.564301020592952e-05	0.4900000000000002	0.42000000000000015	5.73999999999992	3.779999999999962	0.8839110779310009	0.5
24_1_001_50___78	78	24	1	0.01	typeTokenInput_50	-0.02825017122390707	0.00013055172984906046	1.2000000000000008	0.060000000000000005	6.829999999999897	7.589999999999881	0.5938731029341469	0.5
12_1_01_50___69	69	12	1	0.1	typeTokenInput_50	-0.026851877508722703	0.000263468028222474	0.4800000000000002	0.25000000000000006	7.249999999999888	7.319999999999887	0.5399148845555661	0.5
12_2_099_50___64	64	12	2	0.99	typeTokenInput_50	-0.03807867509890497	0.00041028551920166455	1.7400000000000013	0.04	6.739999999999899	7.789999999999877	0.6570104626735043	0.5
12_1_05_50___68	68	12	1	0.5	typeTokenInput_50	-0.02086048254675077	5.744330234136785e-05	0.5400000000000003	0.14999999999999997	7.17999999999989	7.309999999999887	0.5646362918030298	0.5
2_1_099_50___95	95	2	1	0.99	typeTokenInput_50	-0.02281121314312036	6.356786305646287e-05	0.19000000000000003	0.8400000000000005	3.4199999999999697	5.079999999999934	0.09029814470292269	0.5
24_1_05_50___82	82	24	1	0.5	typeTokenInput_50	-0.017149387676812167	2.45647305071619e-05	0.6700000000000004	0.4700000000000002	4.79999999999994	6.1499999999999115	0.24048908305089406	0.5
12_1_099_50___69	69	12	1	0.99	typeTokenInput_50	-0.06049270921309621	0.0005603248959423808	0.08	1.5700000000000012	2.9699999999999793	3.4299999999999695	0.12455335818741738	0.5
24_1_001_50___79	79	24	1	0.01	typeTokenInput_50	-0.018795355490911804	3.5365701654816366e-05	1.2500000000000009	0.05999999999999992	7.029999999999893	7.499999999999883	0.6726070170677632	0.5
12_1_01_50___70	70	12	1	0.1	typeTokenInput_50	-0.03337693855455331	0.0001452535882719081	1.0300000000000007	0.43000000000000016	3.829999999999961	2.889999999999981	0.8234647252208804	0.5
12_2_099_50___65	65	12	2	0.99	typeTokenInput_50	-0.022827581712705443	6.633826054920066e-05	0.5400000000000003	0.8300000000000005	7.739999999999878	6.929999999999895	0.6271477663131917	0.5
12_1_05_50___69	69	12	1	0.5	typeTokenInput_50	-0.020453203225932807	6.52810505037452e-05	0.08	0.9900000000000007	7.549999999999882	7.059999999999892	0.3965167501352712	0.5
2_1_05_50___81	81	2	1	0.5	typeTokenInput_50	-0.03315552292992023	0.00025916754371406214	0.3300000000000001	0.9700000000000006	7.63999999999988	6.799999999999898	0.5498339973124733	0.5
2_1_099_50___96	96	2	1	0.99	typeTokenInput_50	-0.14577135422668344	0.010669416230116899	0.15999999999999998	0.8400000000000005	7.459999999999884	4.989999999999936	0.8569272765199127	0.5
12_1_099_50___70	70	12	1	0.99	typeTokenInput_50	-0.017131371060142522	2.9471675829712793e-05	1.1600000000000008	0.06999999999999998	7.15999999999989	7.5599999999998815	0.6659669267518221	0.5
24_1_05_50___83	83	24	1	0.5	typeTokenInput_50	-0.025346351926314348	0.0001619822956412181	0.3900000000000001	1.0300000000000007	4.029999999999957	3.2499999999999734	0.5349429451582103	0.5
24_1_001_50___80	80	24	1	0.01	typeTokenInput_50	-0.02372299434126061	0.00013659510448358212	0.3500000000000001	0.4500000000000002	7.269999999999888	7.269999999999888	0.4750208125210599	0.5
12_1_01_50___71	71	12	1	0.1	typeTokenInput_50	-0.06326839359884448	0.0006413063550298292	0.4700000000000002	0.3000000000000001	7.019999999999893	4.899999999999938	0.9080454500689918	0.5
2_2_05_50___62	62	2	2	0.5	typeTokenInput_50	-0.023798924309293843	9.132581390531172e-05	0.6500000000000004	0.7100000000000004	6.329999999999908	5.139999999999933	0.7558388990947923	0.5
12_2_099_50___66	66	12	2	0.99	typeTokenInput_50	-0.024514924496864734	7.632664372671004e-05	0.4900000000000002	0.34000000000000014	4.719999999999942	3.509999999999968	0.795759697715904	0.5
12_1_05_50___70	70	12	1	0.5	typeTokenInput_50	-0.058588112175474105	0.0007112104379156634	0.23000000000000004	1.0000000000000007	5.919999999999916	6.829999999999897	0.15709546888545525	0.5
2_1_05_50___82	82	2	1	0.5	typeTokenInput_50	-0.06465911722443159	0.0035055968314652466	1.5700000000000012	0.01	5.139999999999933	7.349999999999886	0.34298953732651216	0.5
2_1_099_50___97	97	2	1	0.99	typeTokenInput_50	-0.022432965627508156	4.953252171405477e-05	1.1900000000000008	0.12999999999999998	6.879999999999896	7.349999999999886	0.6433651456944044	0.5
24_1_05_50___84	84	24	1	0.5	typeTokenInput_50	-0.04817371781626311	0.0006998001244992981	0.5400000000000003	0.21000000000000005	3.9999999999999574	4.099999999999955	0.5572478545985562	0.5
12_1_099_50___71	71	12	1	0.99	typeTokenInput_50	-0.029167013888862833	0.00020854248135561862	0.18	1.410000000000001	7.729999999999878	6.569999999999903	0.48250714233360376	0.5
24_1_001_50___81	81	24	1	0.01	typeTokenInput_50	-0.04767068077445865	0.0004363324543646855	0.09	0.6600000000000004	4.549999999999946	2.9199999999999804	0.7426905453026791	0.5
12_2_099_50___67	67	12	2	0.99	typeTokenInput_50	-0.023240155700015606	0.0001396667833841706	0.6400000000000003	0.23000000000000004	7.119999999999891	7.489999999999883	0.5099986668799674	0.5
12_1_01_50___72	72	12	1	0.1	typeTokenInput_50	-0.03355961463541216	0.00023054238287567697	0.9800000000000006	0.01	5.469999999999926	6.939999999999895	0.37754066879815296	0.5
2_2_05_50___63	63	2	2	0.5	typeTokenInput_50	-0.059279923732742455	0.0015095655026721923	0.02999999999999997	0.9700000000000006	3.0499999999999776	3.639999999999965	0.17799368578624825	0.5
12_1_05_50___71	71	12	1	0.5	typeTokenInput_50	-0.037582566721688575	0.00022403351954360757	0.30000000000000004	0.3800000000000001	6.739999999999899	7.099999999999891	0.3917409692534874	0.5
2_1_099_50___98	98	2	1	0.99	typeTokenInput_50	-0.021101753178203984	3.880793138460121e-05	0.11999999999999998	0.8800000000000006	7.239999999999888	6.879999999999896	0.401312339887546	0.5
2_1_05_50___83	83	2	1	0.5	typeTokenInput_50	-0.015651948778007553	2.040656343223007e-05	0.29000000000000004	0.3500000000000001	7.359999999999886	7.309999999999887	0.49750002083312483	0.5
24_1_05_50___85	85	24	1	0.5	typeTokenInput_50	-0.01706529515865559	2.456868636762818e-05	0.7000000000000004	0.15	7.109999999999891	7.399999999999885	0.5646362918030307	0.5
24_1_001_50___82	82	24	1	0.01	typeTokenInput_50	-0.020730368231356565	7.265053202019e-05	0.21999999999999997	0.7800000000000005	6.529999999999903	4.969999999999937	0.7310585786299982	0.5
12_1_099_50___72	72	12	1	0.99	typeTokenInput_50	-0.030164098517739893	0.00013234235633385687	0.9400000000000006	0.22000000000000003	4.79999999999994	4.459999999999948	0.7426905453026844	0.5
12_2_099_50___68	68	12	2	0.99	typeTokenInput_50	-0.06105354823949333	0.0012712615726823253	1.7800000000000014	0	4.80999999999994	7.63999999999988	0.2592251008178578	0.5
12_1_01_50___73	73	12	1	0.1	typeTokenInput_50	-0.022248024819875315	9.815266147219282e-05	0.3400000000000001	0.5300000000000002	7.2799999999998875	7.359999999999886	0.432907095034546	0.5
2_2_05_50___64	64	2	2	0.5	typeTokenInput_50	-0.03804797169621247	0.00032366701248719664	1.420000000000001	0.26000000000000006	3.7499999999999627	4.099999999999955	0.69210950430179	0.5
12_1_05_50___72	72	12	1	0.5	typeTokenInput_50	-0.021907053904172913	4.935539569709587e-05	0.10999999999999999	0.5600000000000003	6.439999999999905	5.249999999999931	0.6769958562385174	0.5
2_1_099_50___99	99	2	1	0.99	typeTokenInput_50	-0.0259799174301351	0.00014541417750184513	0.7900000000000005	0.7800000000000005	4.81999999999994	3.959999999999958	0.7047456979980874	0.5
2_1_05_50___84	84	2	1	0.5	typeTokenInput_50	-0.039108799699521746	0.00022829183459088462	0.5400000000000003	1.2000000000000008	3.359999999999971	4.6999999999999424	0.11920292202212046	0.5
24_1_05_50___86	86	24	1	0.5	typeTokenInput_50	-0.025218120826052008	7.826863980901853e-05	0.3400000000000001	0.4700000000000002	6.6799999999999	4.989999999999936	0.8263533529809897	0.5
12_1_099_50___73	73	12	1	0.99	typeTokenInput_50	-0.10009893361355794	0.001600213458209887	0.4900000000000002	0.4800000000000002	7.189999999999889	5.139999999999933	0.8869541699279165	0.5
24_1_001_50___83	83	24	1	0.01	typeTokenInput_50	-0.022411200158813795	5.164234222886394e-05	0.09999999999999991	0.7200000000000004	6.8999999999998956	5.5399999999999245	0.6769958562385164	0.5
12_2_099_50___69	69	12	2	0.99	typeTokenInput_50	-0.024042665431166774	7.5698002050647e-05	0.6000000000000003	0.29000000000000004	5.109999999999934	5.109999999999934	0.5768852611320465	0.5
12_1_01_50___74	74	12	1	0.1	typeTokenInput_50	-0.01902231213796237	3.01421612193869e-05	0.2700000000000001	0.8100000000000005	5.049999999999935	4.709999999999942	0.45016600268752033	0.5
2_2_05_50___65	65	2	2	0.5	typeTokenInput_50	-0.03089083039495078	0.0002200437467112397	0.4000000000000002	1.8100000000000012	4.709999999999942	3.2499999999999734	0.5124973964842022	0.5
12_1_05_50___73	73	12	1	0.5	typeTokenInput_50	-0.02068367085144999	5.503181628512136e-05	0.6100000000000003	0.11999999999999995	7.069999999999892	7.379999999999885	0.5448788923735818	0.5
2_1_099_50___100	100	2	1	0.99	typeTokenInput_50	-0.03804547971124806	0.0003802136520243484	0.4100000000000002	0.6100000000000003	7.62999999999988	6.799999999999898	0.6524894621927404	0.5
2_1_05_50___85	85	2	1	0.5	typeTokenInput_50	-0.023976466540595424	9.671503381826526e-05	0.03	1.290000000000001	7.539999999999882	6.769999999999898	0.37989356765690585	0.5
24_1_05_50___87	87	24	1	0.5	typeTokenInput_50	-0.028147215880378152	0.00014176170108037335	0.4700000000000002	0.6300000000000003	7.3699999999998855	7.049999999999892	0.5399148845555639	0.5
12_1_099_50___74	74	12	1	0.99	typeTokenInput_50	-0.044156741092104025	0.0005714332751829113	3.45999999999997	0.03	4.939999999999937	7.8399999999998755	0.6294831119674024	0.5
24_1_001_50___84	84	24	1	0.01	typeTokenInput_50	-0.032463647148652214	0.00024676187251709597	0.3000000000000001	0.3800000000000001	7.15999999999989	7.099999999999891	0.49500016665999996	0.5
12_2_099_50___70	70	12	2	0.99	typeTokenInput_50	-0.018051716348565762	2.728667722356198e-05	1.1700000000000008	0.08999999999999997	4.309999999999951	5.059999999999935	0.5817593768418403	0.5
2_2_05_50___66	66	2	2	0.5	typeTokenInput_50	-0.018457629041600636	3.132170366735213e-05	0.9300000000000006	0.3700000000000001	7.14999999999989	7.299999999999887	0.6010878788483708	0.5
12_1_01_50___75	75	12	1	0.1	typeTokenInput_50	-0.022921586058867315	8.062467735366943e-05	0.9500000000000006	0.060000000000000005	3.5599999999999667	3.8499999999999606	0.6456563062257971	0.5
12_1_05_50___74	74	12	1	0.5	typeTokenInput_50	-0.021634972219552757	7.36682546759315e-05	1.380000000000001	0.3000000000000001	6.8099999999998975	7.669999999999879	0.5547792351072195	0.5
2_1_05_50___86	86	2	1	0.5	typeTokenInput_50	-0.020162362465159907	5.913862604000071e-05	0.4900000000000002	0.6400000000000003	7.319999999999887	7.239999999999888	0.48250714233360975	0.5
12_1_099_50___75	75	12	1	0.99	typeTokenInput_50	-0.027364063945339172	0.00014726589951005986	0.4900000000000002	0.22999999999999998	4.659999999999943	4.119999999999955	0.68997448112761	0.5
24_1_05_50___88	88	24	1	0.5	typeTokenInput_50	-0.03482155164823572	0.0003511947735574569	0.019999999999999997	0.9400000000000006	7.439999999999884	6.969999999999894	0.3893607660507754	0.5
24_1_001_50___85	85	24	1	0.01	typeTokenInput_50	-0.03800879955705497	0.0003566580954289518	0.8900000000000006	0.01	5.29999999999993	7.029999999999893	0.29943285752603493	0.5
12_2_099_50___71	71	12	2	0.99	typeTokenInput_50	-0.027406579433475624	0.00014788891222694014	0.5400000000000003	0.31000000000000005	6.979999999999894	7.129999999999891	0.5199893401555824	0.5
2_2_05_50___67	67	2	2	0.5	typeTokenInput_50	-0.027431073282486035	0.0001255028873009659	1.2100000000000009	0.009999999999999997	5.509999999999925	7.14999999999989	0.39174096925349416	0.5
12_1_01_50___76	76	12	1	0.1	typeTokenInput_50	-0.02598496614631873	6.525122758783384e-05	0.02	1.5300000000000011	7.029999999999893	5.779999999999919	0.4353637081969639	0.5
12_1_05_50___75	75	12	1	0.5	typeTokenInput_50	-0.020025058232713	3.382566046634445e-05	0.3900000000000001	0.4800000000000002	3.0999999999999766	3.269999999999973	0.4353637081969716	0.5
2_1_05_50___87	87	2	1	0.5	typeTokenInput_50	-0.016185973318179676	2.3439123105947945e-05	0.41000000000000014	0.33000000000000007	7.219999999999889	7.459999999999884	0.4600851154444356	0.5
24_1_05_50___89	89	24	1	0.5	typeTokenInput_50	-0.020715837664702762	4.7777831474805396e-05	0.24	0.7100000000000004	6.309999999999908	4.689999999999943	0.7595109169491047	0.5
12_1_099_50___76	76	12	1	0.99	typeTokenInput_50	-0.029994838116358287	0.0003575441483230688	0.9400000000000006	0.15999999999999992	6.889999999999896	7.549999999999882	0.5299640517645753	0.5
24_1_001_50___86	86	24	1	0.01	typeTokenInput_50	-0.022509810141161362	5.896441614616081e-05	0.3100000000000001	1.0200000000000007	3.979999999999958	4.099999999999955	0.30364507017616643	0.5
12_2_099_50___72	72	12	2	0.99	typeTokenInput_50	-0.027978104419569178	0.00021034838136503763	0.4700000000000002	0.22999999999999998	6.969999999999894	7.399999999999885	0.4526423818569131	0.5
12_1_01_50___77	77	12	1	0.1	typeTokenInput_50	-0.02114227021238431	7.773770202627424e-05	1.280000000000001	0.13999999999999996	7.069999999999892	7.60999999999988	0.6456563062257984	0.5
2_2_05_50___68	68	2	2	0.5	typeTokenInput_50	-0.02350407194425849	0.00010837043114838473	0.25000000000000006	0.8100000000000005	4.919999999999938	4.189999999999953	0.542397940774347	0.5
12_1_05_50___76	76	12	1	0.5	typeTokenInput_50	-0.023325118381014174	5.5981823026179325e-05	0.8400000000000005	0.6500000000000004	4.869999999999939	6.409999999999906	0.20587037180095277	0.5
2_1_05_50___88	88	2	1	0.5	typeTokenInput_50	-0.018714487617212713	3.024217490225603e-05	1.500000000000001	0.09	6.639999999999901	7.709999999999878	0.5841905229354133	0.5
24_1_05_50___90	90	24	1	0.5	typeTokenInput_50	-0.028342208496517557	0.0001018809262135855	0.42000000000000015	0.5800000000000003	6.969999999999894	7.489999999999883	0.33626130259564974	0.5
12_1_099_50___77	77	12	1	0.99	typeTokenInput_50	-0.016863361137310247	2.526596899656844e-05	0.5500000000000003	0.6500000000000004	7.239999999999888	7.349999999999886	0.44769209042567537	0.5
24_1_001_50___87	87	24	1	0.01	typeTokenInput_50	-0.016665909049187543	2.646243246845022e-05	0.5900000000000003	0.1299999999999999	7.329999999999886	7.3699999999998855	0.6034832498647265	0.5
12_2_099_50___73	73	12	2	0.99	typeTokenInput_50	-0.028186803377775193	0.0003515799221775261	0.6100000000000003	0.30000000000000004	7.249999999999888	7.389999999999885	0.5423979407743519	0.5
12_1_01_50___78	78	12	1	0.1	typeTokenInput_50	-0.022112596989270903	4.0774609410780756e-05	0	0.9300000000000006	6.509999999999904	5.139999999999933	0.6082590307465073	0.5
2_2_05_50___69	69	2	2	0.5	typeTokenInput_50	-0.07280002976399505	0.0017578013735051368	0.3600000000000001	0.28	5.3999999999999275	6.979999999999894	0.18242552380636137	0.5
12_1_05_50___77	77	12	1	0.5	typeTokenInput_50	-0.08624019045782268	0.0069035448670613005	0.26000000000000006	1.0900000000000007	6.089999999999913	3.2799999999999727	0.8786811621082566	0.5
2_1_05_50___89	89	2	1	0.5	typeTokenInput_50	-0.03177300245874627	0.0003100934557552622	0.9000000000000006	0.1499999999999999	6.989999999999894	7.469999999999883	0.5670929049654568	0.5
24_1_05_50___91	91	24	1	0.5	typeTokenInput_50	-0.02898483621309942	0.00022164001104174613	1.2300000000000009	0.2	6.939999999999895	7.669999999999879	0.5744425168116629	0.5
12_1_099_50___78	78	12	1	0.99	typeTokenInput_50	-0.027362437511059406	0.00012217704521319834	0.08	1.9400000000000013	7.709999999999878	6.6699999999999005	0.3057636598919645	0.5
24_1_001_50___88	88	24	1	0.01	typeTokenInput_50	-0.02315829508651318	5.698362165701421e-05	0.3200000000000001	0.5600000000000003	7.379999999999885	6.829999999999897	0.5768852611320433	0.5
12_2_099_50___74	74	12	2	0.99	typeTokenInput_50	-0.02852105867470312	0.0003174505729839401	0.15	1.1000000000000008	4.35999999999995	3.369999999999971	0.5099986668799601	0.5
12_1_01_50___79	79	12	1	0.1	typeTokenInput_50	-0.049187808387930305	0.0003457486833992883	2.0000000000000013	0.07	7.0899999999998915	7.299999999999887	0.8481288363433414	0.5
12_1_05_50___78	78	12	1	0.5	typeTokenInput_50	-0.03604870681068488	0.00019459282151604185	0.5800000000000003	0.1099999999999999	4.689999999999943	6.959999999999894	0.14185106490049365	0.5
2_2_05_50___70	70	2	2	0.5	typeTokenInput_50	-0.015444996304822675	1.9937413980484332e-05	0.9000000000000006	0.33000000000000007	7.17999999999989	7.519999999999882	0.5572478545985574	0.5
2_1_05_50___90	90	2	1	0.5	typeTokenInput_50	-0.0395404312411376	0.0005631654530512317	0.07	1.8700000000000014	7.809999999999876	6.559999999999903	0.365864408989193	0.5
24_1_05_50___92	92	24	1	0.5	typeTokenInput_50	-0.03243269038405955	0.0001488321879430578	0.9800000000000006	0.03	3.449999999999969	3.3899999999999704	0.7330201492388574	0.5
24_1_001_50___89	89	24	1	0.01	typeTokenInput_50	-0.024308832612301164	0.00011131385184686432	2.0799999999999996	0.34000000000000014	4.299999999999951	4.82999999999994	0.7702989490466039	0.5
12_1_099_50___79	79	12	1	0.99	typeTokenInput_50	-0.017929498302531606	3.053853609602594e-05	0.6100000000000003	0.1299999999999999	3.679999999999964	4.749999999999941	0.3566348543056036	0.5
12_2_099_50___75	75	12	2	0.99	typeTokenInput_50	-0.06953575825778442	0.0007673634688106204	0.4900000000000002	0.3900000000000002	6.7599999999998985	4.409999999999949	0.920561450816018	0.5
12_1_01_50___80	80	12	1	0.1	typeTokenInput_50	-0.03828484980813799	0.0001996158031454204	0.21000000000000002	0.5900000000000003	7.2299999999998885	5.049999999999935	0.8581489350995065	0.5
12_1_05_50___79	79	12	1	0.5	typeTokenInput_50	-0.018113911793818084	2.7390226550979708e-05	1.0500000000000007	0.09999999999999999	3.1999999999999744	4.919999999999938	0.3164791062636925	0.5
2_2_05_50___71	71	2	2	0.5	typeTokenInput_50	-0.029770718093187685	0.00010560851478567117	0.9400000000000006	0.5400000000000003	7.379999999999885	6.999999999999893	0.6856801139382523	0.5
2_1_05_50___91	91	2	1	0.5	typeTokenInput_50	-0.017173575093330055	2.5658931662788306e-05	0.05	0.7000000000000004	7.409999999999885	7.119999999999891	0.41095956594133337	0.5
24_1_05_50___93	93	24	1	0.5	typeTokenInput_50	-0.019782863446344667	4.0005803422104074e-05	0.25000000000000006	0.41000000000000014	7.109999999999891	7.349999999999886	0.4013123398875492	0.5
24_1_001_50___90	90	24	1	0.01	typeTokenInput_50	-0.04068301122272525	0.0006694559072168236	0.08999999999999997	1.7500000000000013	7.669999999999879	6.449999999999905	0.3917409692534789	0.5
12_1_099_50___80	80	12	1	0.99	typeTokenInput_50	-0.02118505288649107	4.400236518159693e-05	0.9100000000000006	0.2	3.229999999999974	3.179999999999975	0.6813537337890253	0.5
12_2_099_50___76	76	12	2	0.99	typeTokenInput_50	-0.016457453574902445	2.256923921717252e-05	0.40000000000000013	0.33000000000000007	7.269999999999888	7.299999999999887	0.5099986668799658	0.5
12_1_01_50___81	81	12	1	0.1	typeTokenInput_50	-0.06177078483483205	0.0013587220595165366	0.32000000000000006	0.5400000000000003	7.049999999999892	5.26999999999993	0.8263533529809896	0.5
2_2_05_50___72	72	2	2	0.5	typeTokenInput_50	-0.027239755192291635	7.846471543175557e-05	1.5800000000000012	0.03	3.2899999999999725	4.0399999999999565	0.6899744811276161	0.5
12_1_05_50___80	80	12	1	0.5	typeTokenInput_50	-0.03810843884118753	0.000301567684358532	1.6100000000000012	0.060000000000000005	5.329999999999929	7.569999999999881	0.33403307324819076	0.5
2_1_05_50___92	92	2	1	0.5	typeTokenInput_50	-0.030275301830381757	0.00011817093207668476	1.500000000000001	0.18	3.819999999999961	3.6999999999999638	0.8084546514385322	0.5
24_1_001_50___91	91	24	1	0.01	typeTokenInput_50	-0.0292153415410893	0.00025315541024397353	0.29000000000000004	0.42000000000000015	7.339999999999886	7.129999999999891	0.5199893401555807	0.5
24_1_05_50___94	94	24	1	0.5	typeTokenInput_50	-0.029090783559141412	0.00016247604541959495	0.41000000000000014	0.4500000000000002	4.149999999999954	4.209999999999953	0.4750208125210603	0.5
12_1_099_50___81	81	12	1	0.99	typeTokenInput_50	-0.03836610925793642	0.00035709993028588694	2.020000000000001	0.04	6.639999999999901	7.909999999999874	0.6704011598088748	0.5
12_2_099_50___77	77	12	2	0.99	typeTokenInput_50	-0.05783016659180095	0.0004982691224357498	1.450000000000001	0.21999999999999997	7.099999999999891	6.859999999999896	0.813057386031953	0.5
12_1_01_50___82	82	12	1	0.1	typeTokenInput_50	-0.02585835971418363	0.0001369883918274207	1.2500000000000009	0.5500000000000003	4.199999999999953	4.099999999999955	0.6899744811276121	0.5
12_1_05_50___81	81	12	1	0.5	typeTokenInput_50	-0.02841334047380004	0.00016171666821101257	0.01	1.2000000000000008	3.8499999999999606	4.6499999999999435	0.1202568624677525	0.5
2_2_05_50___73	73	2	2	0.5	typeTokenInput_50	-0.028267777257230956	0.00025879501401309904	0.8200000000000005	0.3200000000000001	6.939999999999895	7.5599999999998815	0.47003594823543154	0.5
24_1_001_50___92	92	24	1	0.01	typeTokenInput_50	-0.02164495958618331	4.963650143716884e-05	0.40000000000000013	0.5100000000000002	6.629999999999901	5.3999999999999275	0.7539887164489434	0.5
2_1_05_50___93	93	2	1	0.5	typeTokenInput_50	-0.02334448919669866	5.358057587253923e-05	0.40000000000000013	0.7500000000000004	6.999999999999893	7.069999999999892	0.3965167501352742	0.5
24_1_05_50___95	95	24	1	0.5	typeTokenInput_50	-0.03469574708952179	0.0003577163231056629	0.12999999999999998	0.9500000000000006	7.189999999999889	7.15999999999989	0.31216866941715926	0.5
12_1_099_50___82	82	12	1	0.99	typeTokenInput_50	-0.019436227485591685	3.619107349276131e-05	1.1700000000000008	0.04	6.959999999999894	7.439999999999884	0.6570104626735015	0.5
12_2_099_50___78	78	12	2	0.99	typeTokenInput_50	-0.02986602644741243	0.00021374919340544867	1.410000000000001	0.2800000000000001	6.8099999999998975	7.62999999999988	0.576885261132051	0.5
12_1_01_50___83	83	12	1	0.1	typeTokenInput_50	-0.028943993606688558	0.00013633571294590155	0.19999999999999996	0.5700000000000003	4.779999999999941	3.7499999999999627	0.6592603884513805	0.5
12_1_05_50___82	82	12	1	0.5	typeTokenInput_50	-0.02701761133482148	0.00019065233831793126	0.060000000000000005	0.9600000000000006	6.179999999999911	4.2299999999999525	0.7407748991821458	0.5
2_2_05_50___74	74	2	2	0.5	typeTokenInput_50	-0.02274314225851974	8.448705238204923e-05	1.8000000000000012	0.24000000000000005	7.049999999999892	7.799999999999876	0.6921095043017916	0.5
2_1_05_50___94	94	2	1	0.5	typeTokenInput_50	-0.04389783435065207	0.0007557719139956432	0	2.1299999999999986	8.339999999999865	6.659999999999901	0.38936076605076975	0.5
24_1_001_50___93	93	24	1	0.01	typeTokenInput_50	-0.020961018559952502	4.1497687881346616e-05	0.06999999999999998	0.43000000000000016	4.82999999999994	3.8099999999999614	0.6592603884513807	0.5
12_1_099_50___83	83	12	1	0.99	typeTokenInput_50	-0.021320771967666578	8.264273836893756e-05	0.5800000000000003	0.28	4.689999999999943	4.479999999999947	0.6248064744684282	0.5
24_1_05_50___96	96	24	1	0.5	typeTokenInput_50	-0.022205920415481667	4.105493230344578e-05	0.04	1.0900000000000007	6.7599999999998985	5.479999999999926	0.5572478545985488	0.5
12_2_099_50___79	79	12	2	0.99	typeTokenInput_50	-0.031155427918780832	0.00014107467687562983	0	1.8900000000000015	5.919999999999916	4.609999999999944	0.35893259366517616	0.5
12_1_01_50___84	84	12	1	0.1	typeTokenInput_50	-0.02216332885854128	8.140927347449441e-05	1.390000000000001	0.10999999999999999	6.819999999999897	7.62999999999988	0.6153837563911863	0.5
12_1_05_50___83	83	12	1	0.5	typeTokenInput_50	-0.02544881556502272	0.00013959797501711448	1.7900000000000014	0.04	6.799999999999898	7.8899999999998744	0.6592603884513908	0.5
2_2_05_50___75	75	2	2	0.5	typeTokenInput_50	-0.024816696543939296	0.00022106159713936323	0.20999999999999996	1.2300000000000009	7.729999999999878	6.979999999999894	0.4329070950345416	0.5
2_1_05_50___95	95	2	1	0.5	typeTokenInput_50	-0.018837813551209705	2.9575249703290577e-05	0.7700000000000005	0.13999999999999999	6.9499999999998945	7.349999999999886	0.5572478545985579	0.5
24_1_001_50___94	94	24	1	0.01	typeTokenInput_50	-0.014447144923455158	1.7555232300360785e-05	0.8700000000000006	0.06999999999999992	7.119999999999891	7.719999999999878	0.5498339973124813	0.5
12_1_099_50___84	84	12	1	0.99	typeTokenInput_50	-0.016915721730386198	2.4196036184448138e-05	0.5700000000000003	0.3700000000000001	7.239999999999888	7.289999999999887	0.5374298453437498	0.5
24_1_05_50___97	97	24	1	0.5	typeTokenInput_50	-0.030020367339765448	0.00011389366805977374	0.02	1.7000000000000013	4.569999999999945	3.4699999999999687	0.3589325936651772	0.5
12_2_099_50___80	80	12	2	0.99	typeTokenInput_50	-0.02189506799017151	4.9101737928402916e-05	0.4700000000000002	0.8600000000000005	5.959999999999916	3.919999999999959	0.8388910504234088	0.5
12_1_01_50___85	85	12	1	0.1	typeTokenInput_50	-0.029222661212735014	0.0001931154191438711	0.5600000000000003	0.06999999999999992	7.299999999999887	7.349999999999886	0.6082590307465147	0.5
12_1_05_50___84	84	12	1	0.5	typeTokenInput_50	-0.033266604308943036	0.00012169586994396129	0.4500000000000002	0.41000000000000014	5.579999999999924	4.959999999999937	0.6592603884513825	0.5
2_2_05_50___76	76	2	2	0.5	typeTokenInput_50	-0.3442243158952693	0.019079765291280065	1.9400000000000013	0.22000000000000006	6.379999999999907	3.689999999999964	0.987990795690072	0.5
2_1_05_50___96	96	2	1	0.5	typeTokenInput_50	-0.024505033805396818	8.04739722053987e-05	0.6900000000000004	0.30000000000000004	7.119999999999891	7.13999999999989	0.5914589784327803	0.5
24_1_001_50___95	95	24	1	0.01	typeTokenInput_50	-0.048460264290861574	0.0005826242309050129	0.4700000000000002	0.5600000000000003	7.549999999999882	6.659999999999901	0.6899744811276084	0.5
24_1_05_50___98	98	24	1	0.5	typeTokenInput_50	-0.040412541418544584	0.0002517892552778578	0.4900000000000002	0.8000000000000005	7.999999999999872	6.7099999999999	0.727108216341124	0.5
12_1_099_50___85	85	12	1	0.99	typeTokenInput_50	-0.018183016438996082	3.2516534413670894e-05	0.5800000000000003	0.1099999999999999	7.2799999999998875	7.289999999999887	0.6130141761393354	0.5
12_2_099_50___81	81	12	2	0.99	typeTokenInput_50	-0.022141796675546267	8.88598169535935e-05	0.6700000000000004	0.15	4.6499999999999435	4.629999999999944	0.6318124177361014	0.5
12_1_01_50___86	86	12	1	0.1	typeTokenInput_50	-0.017396097100030792	2.5240601366376203e-05	0.3300000000000001	0.6200000000000003	7.339999999999886	7.119999999999891	0.4825071423336091	0.5
12_1_05_50___85	85	12	1	0.5	typeTokenInput_50	-0.023665385504421654	8.196776297117643e-05	0.4700000000000002	0.6300000000000003	4.5099999999999465	3.5299999999999674	0.694236340108026	0.5
2_2_05_50___77	77	2	2	0.5	typeTokenInput_50	-0.02507379329555153	8.956118767857326e-05	1.1600000000000008	0.08999999999999997	6.859999999999896	7.489999999999883	0.6082590307465177	0.5
2_1_05_50___97	97	2	1	0.5	typeTokenInput_50	-0.027448612045116404	9.83839289117083e-05	0.16999999999999993	0.7200000000000004	7.049999999999892	7.339999999999886	0.30153478399746236	0.5
24_1_001_50___96	96	24	1	0.01	typeTokenInput_50	-0.034936498264393004	0.00035740194586011335	1.0000000000000007	0.11999999999999995	3.549999999999967	3.9999999999999574	0.605873668431763	0.5
24_1_05_50___99	99	24	1	0.5	typeTokenInput_50	-0.03766477071278856	0.00040240276239942435	0.5800000000000003	0.22999999999999998	5.479999999999926	6.9499999999998945	0.2460112835510577	0.5
12_1_099_50___86	86	12	1	0.99	typeTokenInput_50	-0.02858882646239435	0.00014931358112969798	0.1299999999999999	0.6900000000000004	4.189999999999953	2.8299999999999823	0.6899744811276061	0.5
12_2_099_50___82	82	12	2	0.99	typeTokenInput_50	-0.023721505933303244	0.00011296653697035912	0.6800000000000004	0.5900000000000003	4.449999999999948	3.1399999999999757	0.8021838885585774	0.5
12_1_01_50___87	87	12	1	0.1	typeTokenInput_50	-0.017214730334765668	2.7036956757431988e-05	0.5800000000000003	0.10999999999999999	7.239999999999888	7.339999999999886	0.5914589784327805	0.5
12_1_05_50___86	86	12	1	0.5	typeTokenInput_50	-0.01920995740521852	3.9570477155260814e-05	0.5400000000000003	0.5100000000000002	7.489999999999883	7.109999999999891	0.6010878788483681	0.5
2_2_05_50___78	78	2	2	0.5	typeTokenInput_50	-0.021835819396148457	5.8471526187345984e-05	0.6600000000000004	0.4700000000000002	4.149999999999954	5.8699999999999175	0.17799368578625183	0.5
2_1_05_50___98	98	2	1	0.5	typeTokenInput_50	-0.028945131565050308	0.00012806589038330868	0.9000000000000006	0.42000000000000015	5.28999999999993	4.719999999999942	0.7407748991821517	0.5
24_1_001_50___97	97	24	1	0.01	typeTokenInput_50	-0.030109346262747035	0.0001356955030000308	0.8000000000000005	0.05999999999999992	4.779999999999941	4.669999999999943	0.7005671424739727	0.5
24_1_05_50___100	100	24	1	0.5	typeTokenInput_50	-0.03065484965014444	0.0002734143088803071	0.060000000000000005	0.9100000000000006	4.589999999999945	3.7999999999999616	0.48500449838058557	0.5
12_1_099_50___87	87	12	1	0.99	typeTokenInput_50	-0.019442228942691535	3.8525191346239974e-05	0.2700000000000001	1.5100000000000011	7.829999999999876	6.659999999999901	0.48250714233360353	0.5
12_2_099_50___83	83	12	2	0.99	typeTokenInput_50	-0.018717530400988433	2.9407217290551764e-05	0.16999999999999998	1.0500000000000007	4.899999999999938	3.819999999999961	0.549833997312472	0.5
12_1_01_50___88	88	12	1	0.1	typeTokenInput_50	-0.01711171164041415	2.6448459664294148e-05	0.5900000000000003	0.3900000000000001	4.899999999999938	4.519999999999946	0.6410674063348151	0.5
12_1_05_50___87	87	12	1	0.5	typeTokenInput_50	-0.04159981379361519	0.00045919407962801356	1.260000000000001	0.05	6.739999999999899	7.5099999999998825	0.6082590307465185	0.5
2_2_05_50___79	79	2	2	0.5	typeTokenInput_50	-0.03318205858816144	0.0001809171070599835	0.09999999999999999	1.400000000000001	7.349999999999886	6.649999999999901	0.35434369377420094	0.5
2_1_05_50___99	99	2	1	0.5	typeTokenInput_50	-0.03367101760833268	0.0003285022219383495	0.4800000000000002	0.5900000000000003	6.9499999999998945	7.319999999999887	0.382252125230753	0.5
24_1_001_50___98	98	24	1	0.01	typeTokenInput_50	-0.03055732139825966	0.0002705011688611884	0.22000000000000003	1.7400000000000013	5.049999999999935	4.33999999999995	0.30789049569820837	0.5
12_1_099_50___88	88	12	1	0.99	typeTokenInput_50	-0.023149666982694356	5.626611626992561e-05	0.07	0.9900000000000007	6.489999999999904	4.399999999999949	0.7631450157268473	0.5
12_2_099_50___84	84	12	2	0.99	typeTokenInput_50	-0.05970341159837484	0.0014728149356153103	1.5200000000000011	0.03999999999999997	4.879999999999939	7.589999999999881	0.22618142573055658	0.5
12_1_01_50___89	89	12	1	0.1	typeTokenInput_50	-0.03925262024130758	0.00020361978216337057	0.41000000000000014	0.5400000000000003	6.609999999999902	4.519999999999946	0.8765329524347711	0.5
12_1_05_50___88	88	12	1	0.5	typeTokenInput_50	-0.021516550008238138	5.1408468516523266e-05	0.6700000000000004	0.5500000000000003	4.729999999999942	4.519999999999946	0.581759376841835	0.5
2_2_05_50___80	80	2	2	0.5	typeTokenInput_50	-0.019167524020790798	3.0762750248754426e-05	0.5300000000000002	0.7000000000000004	6.069999999999913	4.759999999999941	0.7576796390036997	0.5
2_1_05_50___100	100	2	1	0.5	typeTokenInput_50	-0.02660621697003351	0.00010216968792632592	1.1500000000000008	0.09	6.819999999999897	7.429999999999884	0.6106392339492253	0.5
12_1_099_50___89	89	12	1	0.99	typeTokenInput_50	-0.03166833066237568	0.00042285446640263414	1.2200000000000009	0.04	3.8899999999999597	4.709999999999942	0.5890404340586695	0.5
24_1_001_50___99	99	24	1	0.01	typeTokenInput_50	-0.01646002859578263	2.302907852386949e-05	1.440000000000001	0.22000000000000003	6.839999999999897	7.749999999999877	0.5768852611320515	0.5
12_2_099_50___85	85	12	2	0.99	typeTokenInput_50	-0.016097567611828536	2.1717076429217876e-05	0.9400000000000006	0.1399999999999999	7.069999999999892	7.549999999999882	0.5793242521487524	0.5
12_1_01_50___90	90	12	1	0.1	typeTokenInput_50	-0.01662777730334346	2.30524150178031e-05	0.5700000000000003	0.3500000000000001	7.189999999999889	7.359999999999886	0.5124973964842114	0.5
12_1_05_50___89	89	12	1	0.5	typeTokenInput_50	-0.01731303747037525	2.5010795226322325e-05	0.4700000000000002	0.4700000000000002	7.249999999999888	7.219999999999889	0.5074994375506202	0.5
2_2_05_50___81	81	2	2	0.5	typeTokenInput_50	-0.02890317500039674	0.00028821590336941126	0.4900000000000002	0.41000000000000014	4.859999999999939	4.709999999999942	0.5572478545985547	0.5
24_1_001_50___100	100	24	1	0.01	typeTokenInput_50	-0.06726152601023756	0.0011168452938127098	0.8200000000000005	0.22000000000000003	5.549999999999924	7.349999999999886	0.23147521650098932	0.5
12_1_099_50___90	90	12	1	0.99	typeTokenInput_50	-0.021248122913455764	5.328653471602552e-05	0.4900000000000002	0.9200000000000006	7.6999999999998785	6.8999999999998956	0.5914589784327757	0.5
12_2_099_50___86	86	12	2	0.99	typeTokenInput_50	-0.030113294947034557	0.00010147857742587528	1.440000000000001	0.05	4.9299999999999375	5.409999999999927	0.7130001627522841	0.5
12_1_01_50___91	91	12	1	0.1	typeTokenInput_50	-0.060741451359544285	0.001278445099288587	1.1600000000000008	0.6400000000000003	6.4799999999999045	7.729999999999878	0.32519472741769245	0.5
12_1_05_50___90	90	12	1	0.5	typeTokenInput_50	-0.018535763799008564	3.313297713622529e-05	1.3200000000000007	0.7800000000000005	6.079999999999913	5.089999999999934	0.8220063142137505	0.5
2_2_05_50___82	82	2	2	0.5	typeTokenInput_50	-0.023009639259527533	5.644676671212299e-05	1.8200000000000014	0.08	6.8099999999998975	7.5599999999998815	0.72908792234931	0.5
12_2_099_50___87	87	12	2	0.99	typeTokenInput_50	-0.0276276530686205	0.00010376945056255207	0.44000000000000017	0.31000000000000005	5.239999999999931	4.489999999999947	0.7068222210935643	0.5
12_1_099_50___91	91	12	1	0.99	typeTokenInput_50	-0.03302588311991147	0.00018081669063210428	1.7500000000000013	0.06999999999999998	6.659999999999901	7.679999999999879	0.6592603884513906	0.5
12_1_01_50___92	92	12	1	0.1	typeTokenInput_50	-0.015631158640100416	2.2236852529230664e-05	0.9700000000000006	0.019999999999999997	4.82999999999994	6.739999999999899	0.2768781948756186	0.5
12_1_05_50___91	91	12	1	0.5	typeTokenInput_50	-0.02433483105439113	0.00011559870459396926	1.0300000000000007	0.18	3.589999999999966	4.729999999999942	0.42800386706848764	0.5
2_2_05_50___83	83	2	2	0.5	typeTokenInput_50	-0.027692070943275145	9.131665250396728e-05	0.22999999999999998	0.9000000000000006	3.4399999999999693	5.4499999999999265	0.0641638764051765	0.5
12_2_099_50___88	88	12	2	0.99	typeTokenInput_50	-0.020364720837742805	3.5106443178395944e-05	0.15	1.2400000000000009	7.399999999999885	6.7599999999998985	0.3893607660507746	0.5
12_1_099_50___92	92	12	1	0.99	typeTokenInput_50	-0.016470457892921037	2.330578407398967e-05	0.4500000000000002	0.3000000000000001	7.189999999999889	7.409999999999885	0.4825071423336115	0.5
12_1_01_50___93	93	12	1	0.1	typeTokenInput_50	-0.02964953885281176	0.00011070649166105661	1.430000000000001	0.03	6.799999999999898	7.479999999999883	0.6726070170677639	0.5
12_1_05_50___92	92	12	1	0.5	typeTokenInput_50	-0.019483035497328716	3.5955437082293465e-05	1.8000000000000012	0.3300000000000001	6.829999999999897	7.549999999999882	0.6791786991753964	0.5
2_2_05_50___84	84	2	2	0.5	typeTokenInput_50	-0.026978462694405007	0.00016350209559918836	0.7600000000000005	0.17	3.9899999999999576	4.679999999999943	0.4750208125210639	0.5
12_1_099_50___93	93	12	1	0.99	typeTokenInput_50	-0.027526415020038143	0.00026106206444303896	0.4600000000000002	0.3200000000000001	7.249999999999888	7.249999999999888	0.5349429451582144	0.5
12_2_099_50___89	89	12	2	0.99	typeTokenInput_50	-0.019133553523822098	3.084845235765458e-05	0.5900000000000003	0.6600000000000004	7.199999999999889	7.079999999999892	0.5124973964842096	0.5
12_1_01_50___94	94	12	1	0.1	typeTokenInput_50	-0.035131382966157254	0.00017357378625217892	0	0.8500000000000005	6.599999999999902	4.0399999999999565	0.8468362842349066	0.5
12_1_05_50___93	93	12	1	0.5	typeTokenInput_50	-0.0327300294697103	0.00023691125236495472	1.1400000000000008	0.10999999999999996	6.8099999999998975	7.409999999999885	0.6058736684317637	0.5
2_2_05_50___85	85	2	2	0.5	typeTokenInput_50	-0.029771628803356057	0.0001023230813854896	0.5300000000000002	0.7000000000000004	4.589999999999945	4.049999999999956	0.5914589784327773	0.5
12_1_099_50___94	94	12	1	0.99	typeTokenInput_50	-0.027563204755583826	0.0003317989971702543	0.33000000000000007	0.27	7.289999999999887	7.379999999999885	0.49250056244938023	0.5
12_2_099_50___90	90	12	2	0.99	typeTokenInput_50	-0.11936636575701039	0.006886045276833273	0.7800000000000005	0	4.7899999999999405	7.529999999999882	0.12346704756523035	0.5
12_1_01_50___95	95	12	1	0.1	typeTokenInput_50	-0.018580266030564424	3.18225231814944e-05	0.049999999999999975	1.0200000000000007	7.429999999999884	7.009999999999893	0.36586440898919687	0.5
12_1_05_50___94	94	12	1	0.5	typeTokenInput_50	-0.03256584009703533	0.0001321267592282184	1.2400000000000009	0.36000000000000015	5.219999999999931	3.8899999999999597	0.9011439268218282	0.5
2_2_05_50___86	86	2	2	0.5	typeTokenInput_50	-0.02113247152477374	4.483469607535527e-05	0.6800000000000004	0.24000000000000005	6.839999999999897	7.459999999999884	0.4551211076264234	0.5
12_2_099_50___91	91	12	2	0.99	typeTokenInput_50	-0.01793992033670081	2.7150567572806607e-05	0.19	0.5300000000000002	7.2799999999998875	7.129999999999891	0.45264238185690997	0.5
12_1_099_50___95	95	12	1	0.99	typeTokenInput_50	-0.02596581212284934	0.00017665240417160595	0.31000000000000005	0.3700000000000001	4.679999999999943	4.679999999999943	0.48500449838059007	0.5
12_1_01_50___96	96	12	1	0.1	typeTokenInput_50	-0.04777837954958007	0.00034318867361806386	0.7000000000000004	0.4100000000000002	6.769999999999898	4.6999999999999424	0.9137258055040798	0.5
12_1_05_50___95	95	12	1	0.5	typeTokenInput_50	-0.027265857809426856	0.00012277357049827328	0.5600000000000003	0.9000000000000006	5.649999999999922	5.189999999999932	0.5299640517645694	0.5
2_2_05_50___87	87	2	2	0.5	typeTokenInput_50	-0.03761985946565165	0.00016811977233721927	1.600000000000001	0.4400000000000002	4.479999999999947	3.9099999999999593	0.8494124202541546	0.5
12_2_099_50___92	92	12	2	0.99	typeTokenInput_50	-0.031224299391698473	0.00013916215976903393	0	0.9400000000000006	6.2899999999999086	3.119999999999976	0.9029113590134951	0.5
12_1_099_50___96	96	12	1	0.99	typeTokenInput_50	-0.025696249475195256	0.00011175875084968993	1.0400000000000007	0.2900000000000001	6.9499999999998945	7.459999999999884	0.5597136492671959	0.5
12_1_01_50___97	97	12	1	0.1	typeTokenInput_50	-0.027495675052631615	0.00019554944260685977	0.23000000000000004	0.8800000000000006	7.5099999999998825	6.839999999999897	0.504999833339996	0.5
12_1_05_50___96	96	12	1	0.5	typeTokenInput_50	-0.027923344393573572	0.00013165600601318297	1.9200000000000015	0.05	6.569999999999903	7.8899999999998744	0.6341355910108076	0.5
2_2_05_50___88	88	2	2	0.5	typeTokenInput_50	-0.020370614642386303	5.0468939196312524e-05	0.4200000000000002	1.7900000000000011	7.63999999999988	6.849999999999897	0.3589325936651788	0.5
12_2_099_50___93	93	12	2	0.99	typeTokenInput_50	-0.07923794715274127	0.002974522635547004	0.6600000000000004	0.6700000000000004	5.129999999999933	6.979999999999894	0.13470305195203272	0.5
12_1_099_50___97	97	12	1	0.99	typeTokenInput_50	-0.017872166005561477	2.674676946354573e-05	0.40000000000000013	0.3700000000000001	7.219999999999889	7.189999999999889	0.51499550161941	0.5
12_1_01_50___98	98	12	1	0.1	typeTokenInput_50	-0.021107033817462074	4.96750109670813e-05	1.0300000000000007	0.21999999999999997	6.889999999999896	7.439999999999884	0.5646362918030324	0.5
12_1_05_50___97	97	12	1	0.5	typeTokenInput_50	-0.02265098578313447	0.00011493997561442144	0.5800000000000003	0.16999999999999993	3.4399999999999693	2.9599999999999795	0.7088901725661179	0.5
2_2_05_50___89	89	2	2	0.5	typeTokenInput_50	-0.029386760557838742	0.00015659361520223877	1.0400000000000007	0.6600000000000004	5.859999999999918	4.639999999999944	0.8320183851339209	0.5
12_2_099_50___94	94	12	2	0.99	typeTokenInput_50	-0.04099850520655816	0.00023888971589460705	0.5000000000000002	1.2300000000000009	4.969999999999937	6.369999999999907	0.10621499167517838	0.5
12_1_099_50___98	98	12	1	0.99	typeTokenInput_50	-0.026914814957103565	0.00019144574457978254	0.9200000000000006	0.3300000000000001	4.689999999999943	4.559999999999945	0.67260701706776	0.5
12_1_01_50___99	99	12	1	0.1	typeTokenInput_50	-0.023989395180197087	7.578394985565377e-05	1.1300000000000008	0.20000000000000004	7.3699999999998855	7.319999999999887	0.7271082163411293	0.5
12_1_05_50___98	98	12	1	0.5	typeTokenInput_50	-0.02727632187961514	0.0001358091746366509	1.6700000000000013	0.09999999999999999	6.769999999999898	7.669999999999879	0.6615031592029572	0.5
2_2_05_50___90	90	2	2	0.5	typeTokenInput_50	-0.03398780640582162	0.00030752894746717975	1.7500000000000013	0.009999999999999997	6.909999999999895	7.829999999999876	0.6942363401080351	0.5
12_2_099_50___95	95	12	2	0.99	typeTokenInput_50	-0.029270037626979474	0.0001103117423490561	0.3200000000000001	0.7100000000000004	4.019999999999957	4.429999999999948	0.31002551887238927	0.5
12_1_099_50___99	99	12	1	0.99	typeTokenInput_50	-0.04177095459429588	0.00026737647469547097	1.6300000000000012	0.01	4.779999999999941	4.769999999999941	0.8361696387766412	0.5
12_1_01_50___100	100	12	1	0.1	typeTokenInput_50	-0.08720283165299945	0.0012355221561476534	1.0800000000000007	0.19	4.409999999999949	7.459999999999884	0.10340045145825567	0.5
12_1_05_50___99	99	12	1	0.5	typeTokenInput_50	-0.0299930521770522	0.0001042735096512796	1.8800000000000012	0.2700000000000001	3.8599999999999604	2.9499999999999797	0.9255320548339706	0.5
2_2_05_50___91	91	2	2	0.5	typeTokenInput_50	-0.06304710227575376	0.0009607295089198106	1.1000000000000008	0.07999999999999997	5.29999999999993	7.339999999999886	0.2650274005334897	0.5
12_2_099_50___96	96	12	2	0.99	typeTokenInput_50	-0.03411168594416077	0.00015041115314795255	0.6200000000000003	0.4100000000000002	5.169999999999932	3.539999999999967	0.8629487074245362	0.5
12_1_099_50___100	100	12	1	0.99	typeTokenInput_50	-0.052838433985345656	0.0014071574496338963	0.8000000000000005	0.26	4.429999999999948	4.769999999999941	0.54983399731248	0.5
12_1_05_50___100	100	12	1	0.5	typeTokenInput_50	-0.02788606559406192	0.00022587939005574257	0.9700000000000006	0.26000000000000006	6.929999999999895	7.389999999999885	0.5621765008858007	0.5
2_2_05_50___92	92	2	2	0.5	typeTokenInput_50	-0.03128541026771184	0.0001275832897920288	1.0300000000000007	0.05999999999999992	7.2799999999998875	7.17999999999989	0.7445969158274759	0.5
12_2_099_50___97	97	12	2	0.99	typeTokenInput_50	-0.05807341462492162	0.000831635819231622	0.7700000000000005	0.5300000000000002	5.529999999999925	7.2299999999998885	0.18846732521382503	0.5
2_2_05_50___93	93	2	2	0.5	typeTokenInput_50	-0.017212749036091036	2.4682039020182307e-05	0.8400000000000005	0.32000000000000006	7.059999999999892	7.4199999999998845	0.5399148845555677	0.5
12_2_099_50___98	98	12	2	0.99	typeTokenInput_50	-0.04585348182343484	0.0006334639654208921	0.9800000000000006	0.18	4.189999999999953	4.529999999999946	0.6130141761393373	0.5
2_2_05_50___94	94	2	2	0.5	typeTokenInput_50	-0.045932988798445644	0.00043044117004627057	0.03	0.8500000000000005	5.129999999999933	3.8099999999999614	0.6224593312018479	0.5
12_2_099_50___99	99	12	2	0.99	typeTokenInput_50	-0.019957014454634787	3.9869557714245345e-05	0.7800000000000005	1.1800000000000008	7.499999999999883	6.909999999999895	0.5473576181430861	0.5
2_2_05_50___95	95	2	2	0.5	typeTokenInput_50	-0.020969836452718188	5.35303371342911e-05	0.3000000000000001	0.33000000000000007	7.199999999999889	7.189999999999889	0.49500016666000013	0.5
12_2_099_50___100	100	12	2	0.99	typeTokenInput_50	-0.024061034938526127	7.615452769679051e-05	0.17999999999999994	0.9100000000000006	7.379999999999885	6.999999999999893	0.4133824210826679	0.5
2_2_05_50___96	96	2	2	0.5	typeTokenInput_50	-0.049451302520564455	0.000658343074881217	1.0200000000000007	0.049999999999999975	5.379999999999928	7.299999999999887	0.2788848219771453	0.5
2_2_05_50___97	97	2	2	0.5	typeTokenInput_50	-0.04154582065924275	0.00025731738546507925	1.1000000000000008	0	4.9799999999999365	7.329999999999886	0.2227001388253176	0.5
2_2_05_50___98	98	2	2	0.5	typeTokenInput_50	-0.03503745872174483	0.00017993980984392274	0.6700000000000004	0.6400000000000003	7.689999999999879	6.8099999999998975	0.7130001627522776	0.5
2_2_05_50___99	99	2	2	0.5	typeTokenInput_50	-0.016211100145021935	2.254066116269945e-05	0.5700000000000003	0.2700000000000001	4.529999999999946	4.749999999999941	0.5199893401555828	0.5
2_2_05_50___100	100	2	2	0.5	typeTokenInput_50	-0.01678535532202374	2.5266016956854806e-05	0.3600000000000001	0.24	7.16999999999989	7.439999999999884	0.4625701546562519	0.5